0000000	Moti Mahal	214 035 149 021 117 075 204 051 163
0000001	Village	026 249 174 004 132 249 198 191 192 125 075 205 054 165
0000002	Millrose Brewing Company	137 249 194 215 213 174 249 191 192 008 075 205 054 165
0000003	Dover Straits	137 190 174 249 212 075 205 053 165
0000004	Eat Your Hearts Out	214 249 249 197 111 025 025 112 075 205 053 164
0000005	Pizzeria Uno & Due	026 249 004 132 100 086 149 182 076 204 052 163
0000006	Trattoria Franco	214 136 125 078 208 056 170
0000007	Little Bucharest	214 004 132 249 198 201 074 205 052 164
0000008	Pattaya	026 235 074 205 051 163
0000009	House of Hunan	026 191 192 024 021 039 075 205 052 164
0000010	Morton's of Chicago	137 174 099 249 245 189 191 192 114 024 225 076 206 053 168
0000011	Jezebel	214 174 249 200 196 125 140 075 205 053 166
0000012	Capri	137 249 174 249 125 075 204 051 164
0000013	Don Roths	137 174 249 063 247 008 075 205 053 166
0000014	Tucci Benucch	026 249 191 192 125 182 075 205 053 165
0000015	Rim Klong	214 235 075 205 052 163
0000016	Four Farthings Tavern & Grill	214 249 194 215 213 249 184 063 021 008 006 075 205 053 164
0000017	Skip's Other Place	137 174 100 249 198 191 192 008 225 075 205 052 164
0000018	Papa Milano	026 249 198 125 075 204 052 164
0000019	Gladys Luncheonette	214 249 174 148 249 136 156 220 217 076 205 051 163
0000020	Harry's Velvet Room	026 004 132 200 196 008 125 078 208 056 170
0000021	Jaxx	026 249 174 191 192 063 040 024 045 070 075 205 054 167
0000022	Bangkok Star	214 235 075 205 052 163
0000023	Cafe	026 249 174 004 132 136 040 024 006 076 207 054 165
0000024	Timbers Charhouse	137 249 174 100 008 075 205 053 165
0000025	El Jardin	214 249 178 249 063 138 142 074 204 052 164
0000026	Signature Room at the 95th	026 174 101 099 200 057 071 024 021 006 075 205 054 167
0000027	DINING ROOM	026 190 174 097 099 200 245 193 146 040 111 024 090 077 207 055 169
0000028	Hamburger Hamlet	026 249 100 178 086 249 107 074 204 052 163
0000029	Petros Dianna's	214 174 249 191 192 103 074 204 053 165
0000030	Waterfront	026 249 004 132 249 212 075 205 053 165
0000031	Walter's	137 136 200 196 191 192 008 212 076 205 053 167
0000032	Thai Touch	214 198 235 076 205 052 164
0000033	Silk Mandarin	137 025 039 075 205 053 164
0000034	Mambo Grill	026 249 004 132 249 184 001 223 232 075 205 053 164
0000035	L'Olive	214 249 143 144 078 208 056 170
0000036	Sukumvit Cafe	026 035 025 235 075 203 050 163
0000037	Little Spain	214 249 136 198 057 071 223 076 205 052 164
0000038	Shaw's Deerfield	137 174 249 245 191 192 024 212 075 205 053 165
0000039	Sylviano's	137 125 078 208 056 170
0000040	Rico's	026 174 249 191 192 125 075 205 053 165
0000041	Kennessey's Cypress	137 174 198 229 045 075 205 053 165
0000042	Jia's	214 249 198 039 075 205 052 164
0000043	Jilly's Cafe	137 097 011 249 200 196 008 045 075 205 053 166
0000044	Sarkis Grill	137 249 174 100 086 197 156 008 042 061 075 205 052 162
0000045	Shilla	214 174 130 075 204 052 164
0000046	I Tre Merli	026 102 174 101 099 249 063 024 125 075 204 053 166
0000047	Dionne's	137 011 136 200 146 247 091 077 206 054 165
0000048	Ristorante Italia	214 249 125 075 204 052 165
0000049	P.J. Clarke's	026 194 215 213 249 184 191 192 008 074 204 052 164
0000050	Houston's	026 249 184 040 024 008 075 205 053 164
0000051	Star of Siam	026 235 075 204 052 163
0000052	BISTRO 110	026 249 174 101 097 249 063 114 024 092 076 205 053 165
0000053	Bones	137 249 174 249 191 192 008 017 075 205 052 164
0000054	Goose Island Brewing Co.	214 249 194 215 213 174 178 249 184 191 192 006 074 204 052 163
0000055	Kanval Palace	214 021 117 075 205 052 164
0000056	Avanti Populo	214 102 174 249 191 192 063 125 075 204 053 165
0000057	Bella Vista	214 174 249 191 192 125 075 205 054 166
0000058	Mirabell	214 198 191 192 229 045 015 075 205 053 164
0000059	Ha Mien	214 246 075 204 051 163
0000060	Planet Hollywood	026 237 249 194 215 213 102 174 004 132 178 086 249 184 149 191 192 114 229 006 074 204 053 164
0000061	Mity Nice Grill	026 249 100 198 191 192 008 006 075 205 053 164
0000062	Yvette Wintergarden	026 101 200 191 192 057 071 092 075 205 053 166
0000063	ARUN'S	137 099 245 114 235 077 206 054 167
0000064	Original A-1 Border Beanery	026 249 100 086 191 192 234 075 205 053 164
0000065	Half Shell	214 249 004 132 249 149 212 075 204 052 164
0000066	Thai Classic	214 035 235 076 205 053 163
0000067	Red Apple	214 249 174 249 150 198 149 186 075 204 051 162
0000068	Edwardo's Natural Pizza	026 249 100 086 149 182 075 204 052 163
0000069	Toulouse on the Park	214 174 200 245 196 242 146 090 075 206 054 167
0000070	Old Barn	137 174 249 198 191 192 212 225 075 205 053 165
0000071	Happi Sushi	214 174 128 075 205 052 165
0000072	Villa Fiori	137 174 198 125 074 205 053 165
0000073	Shish Kabab House	214 198 143 078 208 056 170
0000074	Tre Kronor	214 035 198 001 210 078 208 056 170
0000075	Johnny Rockets	026 249 004 132 100 178 086 249 149 063 107 042 061 074 204 052 163
0000076	Public Landing	137 174 011 249 191 192 007 076 205 054 165
0000077	Charlie Beinlich's	137 249 174 198 149 008 107 075 205 052 163
0000078	Lou Mitchell's	026 249 148 249 198 149 010 059 231 156 008 042 061 075 205 052 163
0000079	Finkl's World Famous Deli	026 249 100 198 149 036 156 058 129 074 204 051 163
0000080	El Tipico	214 004 132 249 149 142 075 205 052 164
0000081	Strega Nona	214 242 125 078 208 056 170
0000082	Neon Greek Village	026 174 004 132 057 071 103 078 208 056 170
0000083	Mareva's	214 045 186 075 205 053 166
0000084	Topo Gigio at the Park	214 125 075 205 052 165
0000085	Daily Bar & Grill	214 249 194 215 213 249 184 025 008 074 204 052 164
0000086	Chicago Chop House	026 237 194 215 213 174 249 191 192 057 071 225 076 205 053 167
0000087	Russian Tea Time	026 249 198 200 196 191 192 001 202 075 205 053 165
0000088	Bacchanalia	214 249 136 125 076 205 052 164
0000089	Intimate China	214 039 076 206 053 163
0000090	Prairie	214 174 097 080 099 191 192 040 024 007 076 206 054 167
0000091	Binyon's	026 174 189 010 024 229 229 008 098 075 205 052 165
0000092	Los Magueyes	137 174 100 086 142 074 204 052 164
0000093	Uncle Julio's Hacienda	026 174 249 149 191 192 142 078 208 056 170
0000094	Clark Street Bistro	214 174 249 140 078 208 056 170
0000095	Bacino's	026 249 100 086 125 182 075 204 052 163
0000096	Heidelberger Fass	214 097 249 198 098 075 205 053 164
0000097	Chicago Pizza & Oven Grinder	249 149 182 075 204 052 163
0000098	Franco's Ristorante	214 136 125 076 205 052 164
0000099	Rio Latin Tapas	026 136 057 071 232 218 076 205 052 163
0000100	Gene & Georgetti	026 174 099 189 191 192 024 225 078 208 056 170
0000101	Raj Darbar	214 174 117 075 205 052 164
0000102	Carmen's	137 249 100 086 125 182 075 204 052 163
0000103	Pane Caldo	026 174 249 200 245 196 125 075 205 053 166
0000104	Suntory	026 174 191 192 128 075 205 054 167
0000105	AMBRIA	214 174 097 080 099 200 245 193 189 191 192 146 114 090 077 207 055 169
0000106	Russell's Barbecue	137 253 249 174 100 086 249 149 063 229 017 075 204 051 163
0000107	Saloon	026 174 101 099 245 040 024 008 225 075 205 053 167
0000108	Carlos & Carlos	137 174 125 075 205 053 166
0000109	Mi Casa Su Casa	214 004 132 249 198 191 192 063 142 074 204 052 164
0000110	Green Door Tavern	026 178 184 063 010 001 008 074 204 052 163
0000111	Taboo Bistro 'N' Bar	137 197 025 068 078 208 056 170
0000112	Fondue Stube	214 035 249 200 229 085 075 205 052 165
0000113	Mozart Cafe	214 249 084 087 035 249 063 044 074 204 052 163
0000114	Manny's Coffee Shop & Deli	026 249 174 198 036 156 058 042 061 129 076 204 051 163
0000115	Cafe Borgia	137 249 035 249 125 076 205 052 164
0000116	Nick's Fishmarket	026 174 101 099 249 200 245 196 191 192 146 024 212 076 206 054 168
0000117	Lou Malnati's Pizzeria	026 249 174 004 132 100 086 182 075 204 052 163
0000118	Julie Mai's Le Bistro	214 198 090 246 075 204 052 164
0000119	Jane's	214 249 249 063 112 243 075 205 053 164
0000120	Lawry's the Prime Rib	026 174 099 249 245 191 192 024 225 076 206 054 166
0000121	Relish	214 174 249 196 191 192 063 068 006 075 205 053 166
0000122	Lulu's	137 253 249 149 025 014 128 075 205 052 163
0000123	Wayside Manor	137 011 136 200 196 146 091 076 206 054 166
0000124	Shree	137 035 117 078 208 056 170
0000125	La Strada	026 200 057 071 024 125 075 205 053 167
0000126	Gypsy	026 249 191 192 063 024 140 075 205 053 166
0000127	Amourette	137 097 011 249 200 245 193 091 076 206 053 166
0000128	Benihana of Tokyo	026 174 099 040 128 075 205 053 165
0000129	Hong Min	214 249 004 132 039 060 076 204 051 163
0000130	Kinzie Street Chophouse	026 249 191 192 024 225 075 205 053 166
0000131	Cross-Rhodes	137 249 249 149 059 231 008 103 075 205 051 163
0000132	City Tavern	026 178 059 231 008 074 204 052 164
0000133	Ed Debevic's Short Orders Deluxe	237 249 174 004 132 100 178 086 149 191 192 063 197 008 042 061 074 205 053 163
0000134	Leona's Neighborhood Place	214 249 004 132 100 086 198 191 192 125 182 075 205 052 164
0000135	Las Fuentes	214 174 063 138 142 074 204 052 164
0000136	Vernon Park Tap	214 174 198 010 125 078 208 056 170
0000137	Greek Islands	026 237 249 174 004 132 249 191 192 001 103 075 205 053 164
0000138	Cote Rotie	137 174 011 249 200 196 191 192 242 024 140 075 204 054 166
0000139	King Wah	026 249 198 025 039 075 205 052 163
0000140	Rosded	214 198 235 075 205 052 164
0000141	Hatsuhana	026 099 024 128 076 205 053 166
0000142	Oceanique	137 011 193 025 091 076 206 053 167
0000143	Moon Palace	214 249 198 039 075 205 052 164
0000144	Le Bouchon	214 174 200 245 242 114 001 092 076 205 053 166
0000145	Harry G's Crab & Steak House	137 212 225 075 204 052 165
0000146	Southgate Cafe	137 249 174 100 249 198 191 192 025 008 075 205 053 165
0000147	Ristorante Agostino	214 136 125 076 206 052 166
0000148	MAGGIANO'S LITTLE ITALY	026 249 174 099 249 245 189 191 192 063 114 024 125 075 205 053 165
0000149	Fresh Starts	137 035 136 059 231 036 025 068 006 075 205 052 165
0000150	Kuni's	137 128 076 205 052 165
0000151	Trattoria Dinotto	026 249 249 125 075 205 053 165
0000152	Cafe du Midi	214 249 200 063 092 075 205 053 165
0000153	Eli's the Place for Steaks	026 174 101 099 249 225 076 205 053 167
0000154	Natraj	214 035 117 078 208 056 170
0000155	Il Fornaio	214 249 198 125 075 205 053 165
0000156	St. Germain Bakery-Cafe	026 249 249 059 231 156 016 092 075 204 053 164
0000157	Siam Square	026 253 235 074 204 052 163
0000158	Russian Palace	026 062 249 198 200 196 191 192 202 078 208 056 170
0000159	Klay Oven	026 024 117 076 205 053 166
0000160	La Paella	214 174 249 200 229 223 075 205 053 166
0000161	Honda	026 174 099 191 192 024 128 075 205 053 166
0000162	Shaw's Crab House & Blue Crab	026 174 101 099 249 191 192 024 212 076 205 053 166
0000163	Catch 35	026 174 101 099 189 191 192 057 071 024 212 075 205 053 166
0000164	GIBSONS BAR & STEAKHOUSE	026 237 194 215 213 102 174 101 099 249 184 245 191 192 114 225 076 206 053 167
0000165	Le Loup Cafe	214 249 063 090 075 205 052 164
0000166	Barry's Ribs & More	137 249 174 100 249 059 231 008 017 075 204 051 163
0000167	Grand and Wells Tap	026 174 249 191 192 024 225 075 205 052 165
0000168	TALLGRASS	026 011 249 200 245 196 191 192 146 090 077 206 054 168
0000169	Primavera	026 174 040 057 071 024 125 075 206 054 167
0000170	Trattoria Ginotto	137 249 174 249 136 125 075 205 052 165
0000171	Bruna's Ristorante	214 249 125 075 205 052 165
0000172	Costa d'Oro	026 174 099 245 196 242 024 125 076 205 054 168
0000173	Tien Tsin	137 249 035 039 075 205 052 164
0000174	Bistro Europa	137 249 174 011 249 200 196 191 192 242 045 075 205 053 165
0000175	Sage's	137 174 099 191 192 040 024 008 076 206 053 166
0000176	Mei Shung	214 035 039 075 204 051 164
0000177	Ceiling Zero	137 174 249 045 090 075 205 053 165
0000178	Lino's	026 174 099 189 024 125 076 205 053 166
0000179	Nookies Tree	214 249 100 086 249 149 156 008 074 204 051 163
0000180	El Dinamico Dallas	214 035 249 149 059 231 034 078 208 056 170
0000181	Staropolska	214 249 174 249 198 021 186 078 208 056 170
0000182	Grecian Taverna	214 198 103 075 204 052 164
0000183	Jack Gibbons Garden	137 174 249 136 149 225 076 205 052 165
0000184	Adagio	214 174 249 191 192 247 057 071 125 078 208 056 170
0000185	Thai 55th	137 229 235 075 204 051 163
0000186	Rosebud	214 174 249 245 191 192 229 125 076 205 053 165
0000187	MONTPARNASSE	137 174 011 080 099 200 245 191 192 024 090 077 206 054 168
0000188	Tavern in the Town	137 174 011 136 191 192 006 076 206 054 166
0000189	Cafe Spiaggia	026 249 125 076 206 054 166
0000190	La Bella Pasteria	137 249 125 075 205 053 165
0000191	Hubbard Street Grill	026 174 101 249 242 114 024 006 075 205 053 165
0000192	Walker Bros.	137 100 086 198 156 008 076 205 053 163
0000193	Mykonos	137 249 174 249 103 075 205 053 164
0000194	Estaloca	026 063 234 074 204 052 164
0000195	N.N. Smokehouse	214 150 057 071 017 078 208 056 170
0000196	Tra Via	214 174 249 136 025 125 076 205 053 165
0000197	Michael Jordan's	026 249 194 215 213 102 174 178 249 191 192 114 024 006 074 204 053 165
0000198	Mill Race Inn	026 174 011 249 198 191 192 063 008 075 205 054 165
0000199	LE VICHYSSOIS	137 174 097 011 080 249 200 245 196 193 191 192 146 247 090 076 206 054 168
0000200	Cy's Crab House	214 249 174 249 212 074 204 051 164
0000201	Red Lion Pub	214 194 215 213 249 184 149 229 001 070 074 204 053 163
0000202	Mama Desta's Red Sea	214 249 072 075 204 051 163
0000203	Zinfandel	026 249 174 101 242 024 007 076 205 053 166
0000204	Breakfast Club	026 198 149 156 025 008 075 205 052 163
0000205	Thai Room	026 253 198 235 076 205 052 163
0000206	Golden Ox	214 174 097 249 198 191 192 010 057 071 098 075 205 053 165
0000207	El Presidente	214 249 004 132 035 249 149 063 142 074 204 051 163
0000208	Lloyd's	026 024 229 008 074 204 052 164
0000209	Gilardi's	137 174 249 125 075 205 053 166
0000210	Szechwan Palace	137 249 191 192 021 039 075 205 052 164
0000211	La Cantina	026 174 024 125 075 205 053 165
0000212	Daniel J's	214 249 196 242 025 006 076 205 052 165
0000213	Sabatino's	214 174 249 191 192 125 075 205 053 165
0000214	Tehran	214 179 075 204 052 163
0000215	Lutnia	214 249 198 229 186 075 205 053 165
0000216	Stevie B's	214 249 174 100 086 059 231 017 075 204 051 164
0000217	Tommy Nevin's Pub	137 249 004 132 249 057 071 120 078 208 056 170
0000218	Zaven's	026 174 191 192 045 076 206 054 167
0000219	Dick's Last Resort	026 249 194 215 213 004 132 100 178 086 184 063 057 071 008 068 074 204 052 164
0000220	Twin Anchors	214 249 010 229 017 076 205 052 164
0000221	Leona's on Taylor	214 249 174 100 086 198 191 192 125 182 075 204 052 164
0000222	Parthenon	026 237 249 174 004 132 249 245 191 192 229 103 075 205 052 164
0000223	Avanzare	026 101 099 249 200 191 192 063 114 024 125 076 206 054 167
0000224	Duke of Perth	214 249 194 215 213 184 001 211 074 205 053 163
0000225	Cafe La Cave	137 174 011 249 200 245 196 191 192 045 076 206 054 167
0000226	Froggy's	137 097 011 200 196 193 191 192 092 076 206 053 166
0000227	Hard Rock Cafe	026 237 249 194 215 213 174 100 178 086 249 149 191 192 197 114 068 107 074 204 053 164
0000228	Nana's	026 063 059 231 125 075 205 051 164
0000229	Tuscany	214 174 249 245 189 024 125 076 205 053 166
0000230	Scoozi!	026 237 102 174 249 114 024 125 182 076 205 054 165
0000231	Itto Sushi	214 174 128 075 205 052 165
0000232	Tucci Milan	026 174 249 189 229 125 075 205 053 165
0000233	Gusto Italiano	137 174 191 192 063 229 001 125 075 205 052 164
0000234	Bertucci's Pizzeria	026 249 174 100 086 229 125 182 074 204 052 163
0000235	Song Huong	214 249 035 136 198 246 076 204 051 163
0000236	Vita	026 174 242 024 125 078 208 056 170
0000237	Gandhi Indian	214 021 117 075 204 051 164
0000238	Salaam	137 249 174 148 249 150 191 192 021 008 045 078 208 056 170
0000239	Spavone's Seven Hills	137 249 174 249 198 191 192 125 075 205 053 165
0000240	Mondelli's on Grand	026 249 125 075 205 052 165
0000241	La Perla del Mediterraneo	137 174 249 245 191 192 057 071 140 076 205 053 166
0000242	LE TITI DE PARIS	137 190 174 097 011 080 200 245 196 191 192 146 091 077 207 054 168
0000243	Pappagallo's	137 174 198 125 078 208 056 170
0000244	Spasso	137 174 011 249 136 200 191 192 025 125 076 206 054 166
0000245	Joe-n-Giuseppe	137 174 249 191 192 125 076 205 053 165
0000246	GABRIEL'S	137 011 099 200 245 196 193 191 192 242 146 114 090 125 077 206 054 168
0000247	Tecalitan	214 249 004 132 142 075 204 052 163
0000248	Oodles of Noodles	214 249 083 014 078 208 056 170
0000249	Tutto Bene	026 174 249 229 125 075 205 053 164
0000250	Cape Cod Room	026 249 174 099 146 040 010 024 212 076 206 054 167
0000251	Nhu Hoa Cafe	214 246 075 204 051 163
0000252	Father and Son Pizza	214 249 174 004 132 100 178 086 229 125 182 074 204 052 163
0000253	Geja's Cafe	214 174 080 249 200 245 247 057 071 085 078 208 056 170
0000254	Gavroche	214 004 132 057 071 092 075 205 052 165
0000255	Mandar-Inn	214 249 136 198 191 192 039 076 205 053 164
0000256	Crown Room	026 040 006 078 208 056 170
0000257	Garardo's Cafe	137 174 136 198 125 078 208 056 170
0000258	Sayat Nova	026 196 143 075 205 053 164
0000259	Piatti	026 174 249 196 191 192 063 242 025 125 140 075 204 053 165
0000260	SPIAGGIA	026 249 101 099 245 191 192 146 125 076 206 055 168
0000261	Old Jerusalem	026 035 149 143 075 204 051 163
0000262	Cafe Luciano	026 249 174 249 198 063 024 125 075 205 053 165
0000263	Panda Panda	137 039 075 205 053 164
0000264	Helmand	214 249 002 076 205 053 164
0000265	J.P.'s Eating Place	214 174 249 191 192 212 142 075 205 052 165
0000266	Via Veneto	137 249 196 125 075 205 052 165
0000267	Cassis	026 242 090 078 208 056 170
0000268	Ibis	214 249 195 078 208 056 170
0000269	Thai Star Cafe	026 035 235 075 204 051 163
0000270	Yasuke	137 174 128 078 208 056 170
0000271	Leona's	137 249 174 100 086 198 191 192 125 182 078 208 056 170
0000272	La Bocca della Verita	214 125 078 208 056 170
0000273	Bertucci's	214 249 149 125 075 205 053 164
0000274	Sanko	214 004 132 128 075 204 053 163
0000275	Penny's Noodle Shop	214 249 035 149 083 039 235 014 075 204 052 163
0000276	Lanna Thai	214 035 198 229 235 075 205 052 163
0000277	Cielo	026 174 040 024 008 125 075 205 054 165
0000278	Charlie's Ale House	026 249 194 215 213 249 184 063 008 074 204 053 164
0000279	Barney's Market Club and Steak	174 099 024 225 078 208 056 170
0000280	Dao	026 235 075 204 051 163
0000281	Barn of Barrington	137 174 249 191 192 008 075 205 053 166
0000282	KIKI'S BISTRO	026 174 200 245 189 114 024 092 076 206 054 167
0000283	La Boheme	137 011 200 245 196 193 063 146 247 091 076 206 054 167
0000284	R.J. Grunts	214 249 100 086 249 149 008 075 205 052 164
0000285	Mrs. Park's Tavern	026 249 174 004 132 198 040 024 006 078 208 056 170
0000286	Lucky Platter	137 253 249 249 149 025 006 075 205 052 163
0000287	Sai Cafe	214 128 076 205 052 165
0000288	Blind Faith Cafe	137 253 249 249 150 149 111 059 231 036 156 112 243 075 205 052 163
0000289	Vivo	026 102 174 249 184 200 114 125 075 205 054 166
0000290	New Japan	137 011 128 076 206 053 165
0000291	La Canasta	214 249 174 004 132 100 086 229 234 074 204 052 164
0000292	Thai Little Home Cafe	214 198 235 076 205 051 163
0000293	Lutz Continental Cafe & Pastry	253 174 084 087 198 149 063 016 045 075 205 053 163
0000294	La Sorella di Francesca	137 011 249 136 200 149 191 192 063 242 125 076 206 053 165
0000295	Club Lago	026 198 149 125 074 204 052 164
0000296	Red Tomato	214 249 149 025 125 075 205 053 165
0000297	Eddie's Collage	214 008 078 208 056 170
0000298	Oak Terrace	026 249 198 040 024 021 008 075 205 053 166
0000299	CAFE BA-BA-REEBA!	214 249 174 249 191 192 063 114 223 232 076 205 054 165
0000300	Matsuya	214 128 076 205 052 164
0000301	La Margarita	026 249 142 075 205 053 164
0000302	Salvatore's	026 174 249 200 196 191 192 063 125 075 205 053 165
0000303	Kerouac Jack's	214 194 215 213 197 068 078 208 056 170
0000304	Belden Deli	214 249 174 004 132 198 036 156 058 129 074 204 051 163
0000305	Galans	214 174 249 198 191 192 241 075 205 053 165
0000306	Del Rio	137 080 249 125 075 205 052 165
0000307	CARLOS'	137 190 174 097 011 080 249 200 245 196 193 191 192 146 114 111 090 077 207 054 169
0000308	Berghoff	026 237 249 198 191 192 010 229 229 098 075 205 053 164
0000309	Giannotti Steak House	137 174 249 198 125 225 076 205 053 166
0000310	El Tinajon	137 249 059 231 105 075 205 052 163
0000311	Emperor's Choice	214 004 132 039 076 205 052 164
0000312	Daruma	137 174 004 132 128 076 205 053 164
0000313	Buffalo Ranch	137 174 100 225 074 205 053 164
0000314	Topo Gigio	026 249 174 249 063 125 075 205 052 165
0000315	Bohemian Crystal	137 174 097 249 198 191 192 049 075 205 052 163
0000316	Zasu	214 253 068 074 205 052 164
0000317	TOPOLOBAMPO	026 245 191 192 142 077 206 054 167
0000318	Nookies	214 249 100 086 249 149 156 008 042 061 074 204 051 163
0000319	Winklestein's	026 249 036 156 058 129 075 204 051 163
0000320	Rose Angelis	214 249 200 149 125 075 205 053 165
0000321	Bridges	026 212 078 208 056 170
0000322	Momotaro	137 128 075 205 053 164
0000323	That Steak Joynt	026 174 178 249 245 191 192 057 071 225 074 204 052 165
0000324	Su Casa	026 174 057 071 024 138 142 078 208 056 170
0000325	Cafe Maxx	137 006 075 204 053 165
0000326	My Place For ?	214 249 103 212 075 205 052 164
0000327	Ristorante Chianti	137 249 125 075 205 053 164
0000328	Beirut	214 198 057 071 134 078 208 056 170
0000329	Trattoria Gianni	026 174 249 245 063 125 075 205 052 166
0000330	Julio's Latin Cafe	137 174 136 218 076 205 053 165
0000331	Colorado Steakhouse	137 249 174 100 249 225 074 204 052 164
0000332	Harry Caray's	026 174 249 189 191 192 114 024 008 125 075 205 053 165
0000333	Athenian Room	026 249 100 249 149 083 059 231 103 075 205 051 163
0000334	Leona's Original Pizza	214 249 174 004 132 100 086 198 191 192 125 182 075 204 052 163
0000335	Don's Fishmarket & Tavern	137 174 249 212 075 205 053 165
0000336	Big Bowl Cafe	026 249 174 249 149 059 231 068 075 205 052 163
0000337	Da Luigino	137 249 136 198 200 196 125 076 205 053 165
0000338	Viceroy of India	214 249 174 117 075 205 052 164
0000339	Brett's	214 249 193 025 006 075 205 052 165
0000340	Bacchus Nibbles	137 249 174 004 132 198 149 045 092 078 208 056 170
0000341	Las Palmas	214 100 086 142 074 205 052 163
0000342	Basta Pasta	214 174 249 149 025 125 075 205 053 164
0000343	Ina's Kitchen	214 084 087 149 191 192 063 114 156 006 075 205 053 163
0000344	Butcher Shop Steakhouse	026 174 099 249 024 225 075 205 052 166
0000345	Genesee Depot	137 035 249 196 008 076 205 053 165
0000346	Ron of Japan	026 174 128 075 205 053 165
0000347	Park Avenue Cafe	026 174 099 040 024 006 078 208 056 170
0000348	Zealous	137 174 011 200 196 191 192 242 006 076 206 053 167
0000349	Carmine's Clamhouse	026 249 174 099 249 245 191 192 242 024 125 212 075 205 053 167
0000350	Chano Chano	137 249 249 001 142 075 205 052 163
0000351	Bagel	214 249 198 036 156 058 129 075 204 052 163
0000352	Szechwan North	137 174 191 192 021 039 078 208 056 170
0000353	EMILIO'S TAPAS BAR & RESTAURANT	174 011 249 245 242 114 223 232 076 206 054 165
0000354	California Pizza Kitchen	026 249 174 100 086 182 075 205 052 163
0000355	Jim & Johnny's	026 174 249 125 075 205 053 165
0000356	Cafe Pyrenees	137 174 011 196 193 146 025 091 076 206 053 166
0000357	Fond de la Tour	137 011 099 200 196 146 045 091 076 206 054 167
0000358	Furama	214 229 039 074 204 051 163
0000359	Dave's Italian Kitchen	137 253 035 249 149 125 075 205 051 163
0000360	Cafe Gordon	026 249 174 099 149 191 192 242 040 024 006 078 208 056 170
0000361	94th Aero Squadron	137 174 249 198 200 193 191 192 021 008 074 205 054 165
0000362	Cucina Bella	026 249 198 125 075 205 053 164
0000363	Aegean Isles	137 249 229 103 074 204 052 164
0000364	Sole Mio	214 174 249 245 191 192 125 076 205 053 166
0000365	Healthy Food	214 035 249 198 059 231 135 074 204 051 163
0000366	Bite	214 242 068 078 208 056 170
0000367	Brasserie T	137 242 068 078 208 056 170
0000368	Emilio's Granada	137 249 011 249 191 192 242 223 232 076 206 054 165
0000369	foodlife	026 253 249 100 086 198 149 114 059 231 068 075 204 053 163
0000370	CHARLIE TROTTER'S	214 174 097 080 099 150 200 245 193 191 192 146 114 111 025 006 077 207 054 169
0000371	Bossa Nova	214 102 004 132 249 114 057 071 232 075 205 054 165
0000372	Bistro in Highwood	137 011 242 068 078 208 056 170
0000373	Nick & Tony's	026 174 249 191 192 063 242 024 125 078 208 056 170
0000374	Geppetto's	137 253 249 149 125 182 078 208 056 170
0000375	Erwin	214 174 249 193 242 006 076 205 053 166
0000376	Mrs. Levy's Delicatessen	026 198 156 008 058 129 074 204 052 163
0000377	Cottage	137 174 097 011 249 146 247 090 006 076 206 054 167
0000378	Stanley's Kitchen & Tap	214 249 194 215 213 174 100 086 249 184 229 008 074 204 052 163
0000379	Yvette	026 102 101 249 184 200 191 192 063 057 071 092 075 205 053 166
0000380	Gino's East	026 253 249 174 100 086 149 125 182 075 204 051 163
0000381	Gin Go Gae	214 249 130 075 205 051 163
0000382	Little Szechwan	137 136 039 075 205 052 164
0000383	VA PENSIERO	137 011 200 196 191 192 025 125 076 206 054 167
0000384	Danilo's	026 174 125 075 205 052 165
0000385	Thai Town	214 253 235 075 205 051 163
0000386	Dragon Inn North	137 174 198 039 075 205 052 164
0000387	Anna Maria Pasteria	214 035 249 125 075 205 052 163
0000388	Slice of Life	214 004 132 198 129 074 204 052 163
0000389	Paladino's	026 174 086 249 184 125 182 078 208 056 170
0000390	Santa Fe Tapas	214 249 025 222 232 075 204 052 164
0000391	Glass Dome Hickory Pit	214 174 249 198 229 017 075 204 052 164
0000392	Lucci's Pasta Facce Trattoria	137 174 249 198 191 192 024 125 075 205 053 164
0000393	Santorini	026 174 004 132 249 103 075 205 053 165
0000394	Retreat	137 249 200 196 191 192 090 006 075 205 054 165
0000395	Dish	214 249 197 242 007 075 205 052 164
0000396	Miller's Pub	026 004 132 178 249 156 008 074 204 052 164
0000397	Zofia's	137 174 249 198 191 192 008 186 075 205 052 163
0000398	Nancy's Original Stuffed Pizza	249 004 132 100 086 149 182 075 204 051 163
0000399	Courtyards of Plaka	026 249 174 249 001 103 075 205 053 164
0000400	FRONTERA GRILL	026 249 149 191 192 063 114 001 142 077 206 054 166
0000401	Thai Borrahn	026 021 235 075 205 053 164
0000402	Centro	026 102 174 189 114 125 075 205 053 165
0000403	Next Door	137 125 076 205 052 165
0000404	Hau Giang	214 035 001 246 075 204 050 163
0000405	Printer's Row	026 080 099 245 196 191 192 024 006 076 206 054 167
0000406	Parrinello	026 174 200 245 196 125 076 205 053 166
0000407	Wishbone	214 249 174 035 100 086 249 114 156 229 030 047 220 217 076 205 052 163
0000408	Zum Deutschen Eck	214 174 249 198 191 192 057 071 229 098 075 205 053 165
0000409	Vinyl	026 174 004 132 249 184 191 192 242 114 057 071 006 078 208 056 170
0000410	King Crab Tavern & Seafood	026 174 249 063 212 075 205 052 165
0000411	La Majada	137 249 057 071 001 142 074 205 053 164
0000412	Betise	137 249 174 011 191 192 247 090 075 205 054 166
0000413	Outback Steakhouse	137 174 249 191 192 225 075 205 053 165
0000414	Wild Onion	214 249 025 006 075 205 052 164
0000415	Club Creole	026 030 047 078 208 056 170
0000416	Capriccio's	137 249 125 075 205 053 165
0000417	Charlie Chiang	137 174 039 075 205 052 164
0000418	PUMP ROOM	026 174 099 200 245 196 193 191 192 146 040 057 071 024 229 006 076 206 055 167
0000419	Pazzo's Pizza & Pasta Kitchen	026 249 174 024 125 075 205 053 164
0000420	LaLO	214 249 086 136 149 142 076 205 052 164
0000421	Brother Jimmy's BBQ	214 249 194 215 213 174 249 184 191 192 017 074 204 052 164
0000422	Brasserie Bellevue	026 249 174 193 063 040 092 075 205 053 165
0000423	Boston Blackie's	214 249 194 215 213 174 249 229 107 075 205 052 163
0000424	Del Debbio's	137 125 075 205 051 164
0000425	Austin Koo's Mandarin	026 039 074 204 052 164
0000426	LE FRANCAIS	137 190 174 097 011 080 200 245 196 193 189 146 114 024 091 077 207 055 169
0000427	Sixty-Five	214 253 249 174 198 059 231 229 039 075 204 051 164
0000428	Jackie's	214 190 097 099 200 245 196 191 192 146 025 090 014 076 206 053 168
0000429	Greenery	137 097 136 025 007 076 206 054 167
0000430	Dellwood Pickle	214 035 249 059 231 156 008 068 074 204 051 163
0000431	Merlot Joe's	214 174 249 200 063 092 075 205 052 164
0000432	Roditys	026 249 174 249 191 192 001 103 075 205 052 164
0000433	Stella d'Italia	026 249 196 242 125 075 205 053 165
0000434	Tuttaposto	026 174 101 249 196 025 140 076 205 053 166
0000435	Hi Howe	214 198 149 039 075 204 051 163
0000436	La Fontanella	214 249 229 125 075 205 052 165
0000437	Retro Bistro	137 174 200 196 193 191 192 025 092 076 206 053 166
0000438	Heartland Cafe	214 249 249 063 111 083 059 231 057 071 036 156 112 243 074 204 052 163
0000439	Tony Spavone's	137 249 191 192 057 071 125 075 205 052 165
0000440	Basilico	137 174 196 125 075 205 052 164
0000441	Tania's	214 174 004 132 249 057 071 048 075 205 053 165
0000442	Mekong	214 246 075 204 052 163
0000443	Best Hunan	137 174 136 039 076 205 053 164
0000444	Myron & Phil's	137 249 149 229 212 225 129 076 205 052 166
0000445	Campeche	214 004 132 249 142 074 204 051 163
0000446	Boulevard	026 174 099 200 146 040 024 045 075 206 054 167
0000447	SEASONS	026 174 097 080 099 245 193 146 040 024 025 006 077 207 055 168
0000448	Czech Plaza	137 249 249 149 049 075 205 052 163
0000449	Twisted Lizard	214 249 086 249 234 078 208 056 170
0000450	Bravissimo	026 174 249 191 192 063 024 125 075 205 053 165
0000451	Angelina Ristorante	214 174 249 149 125 075 205 053 165
0000452	Dancing Noodles Cafe	137 249 174 100 178 249 059 231 021 125 074 204 052 163
0000453	Club Lucky	214 174 249 149 191 192 114 125 075 205 053 164
0000454	Tapas Barcelona	026 249 174 184 245 191 192 242 223 232 078 208 056 170
0000455	Poolgogi House	214 035 198 130 078 208 056 170
0000456	Cafe Phoenicia	214 198 143 075 205 052 164
0000457	Stefani's	214 174 249 191 192 063 125 182 075 205 053 165
0000458	Erie Cafe	026 174 099 249 191 192 242 024 225 075 205 053 167
0000459	Little Europe	214 249 136 198 021 186 076 205 053 163
0000460	Papagus Greek Taverna	026 249 174 245 191 192 063 040 024 103 075 205 054 165
0000461	Stetson's Chop House	026 174 099 040 024 225 075 205 053 167
0000462	Korean Restaurant	214 004 132 021 130 074 204 051 163
0000463	VINCI	214 174 249 196 191 192 125 076 206 054 166
0000464	Giordano's	214 100 182 075 204 052 163
0000465	Celebrity Cafe	026 174 040 024 068 076 205 053 167
0000466	Carlucci	214 174 249 191 192 063 247 125 076 206 054 166
0000467	Don Juan's	137 249 142 076 205 052 165
0000468	August Moon	214 035 118 075 204 052 163
0000469	Ruth's Chris Steak House	026 174 101 099 245 024 225 076 206 053 167
0000470	Clara's Pasta di Casa	137 174 198 149 125 078 208 056 170
0000471	Tokyo Marina	214 174 128 075 205 052 164
0000472	La Gondola	214 174 249 125 075 205 052 165
0000473	Singha	026 024 235 075 204 052 163
0000474	La Creperie	214 249 035 249 200 063 091 075 205 052 164
0000475	Bukhara	026 174 021 001 117 075 204 053 165
0000476	Soul Kitchen	214 035 249 149 025 007 034 006 076 205 053 164
0000477	Emilio's Meson Sabika	137 174 011 057 071 223 232 078 208 056 170
0000478	Hackney's	137 249 174 100 086 249 063 107 075 205 052 163
0000479	Gennaro's	214 249 198 125 075 204 052 165
0000480	Home Bakery	214 249 198 059 231 036 186 075 205 051 162
0000481	Bando	214 174 130 075 204 052 164
0000482	Aurelio's	137 100 086 149 182 075 205 052 163
0000483	Robinson's No. 1 Ribs	214 100 086 249 063 017 075 204 051 164
0000484	Trattoria Roma Terza	026 249 125 076 205 053 165
0000485	ENTRE NOUS	026 174 193 146 040 090 006 076 206 054 168
0000486	Hat Dance	026 174 101 249 184 063 222 075 205 054 165
0000487	Cannella's	026 174 249 229 125 075 205 052 164
0000488	Pegasus	026 249 174 249 191 192 103 075 205 053 164
0000489	Nookies Too	214 249 100 086 249 149 156 008 074 204 052 163
0000490	El Nandu	214 059 231 012 078 208 056 170
0000491	Noodle Noodle	214 253 150 149 083 014 075 205 052 163
0000492	Pomodori	214 174 249 196 242 125 078 208 056 170
0000493	My pi Pizzeria	214 249 004 132 100 086 149 182 075 204 052 163
0000494	Lupita's	137 100 086 142 075 205 053 164
0000495	Benkay	026 174 099 191 192 040 024 128 076 206 054 167
0000496	Heaven On Seven	026 149 083 059 231 156 008 030 047 042 061 076 205 052 163
0000497	Medici	137 249 004 132 086 249 083 156 008 107 074 204 052 163
0000498	O Fame	214 249 100 086 149 125 182 075 204 052 164
0000499	Piatti Verde	026 125 243 078 208 056 170
0000500	Gypsy's Cove	214 174 249 242 232 180 075 205 052 165
0000501	Chez Paul	026 174 249 200 191 192 146 010 247 057 071 045 091 075 205 054 167
0000502	Kampai	137 174 191 192 128 076 205 053 165
0000503	UN GRAND CAFE	214 174 097 249 200 245 196 063 092 076 206 054 167
0000504	Fernando's	214 142 075 205 052 163
0000505	Oak Tree	026 253 249 198 149 156 008 075 204 053 163
0000506	Pomodoro	137 174 249 125 075 205 053 165
0000507	Zarrosta Grill	137 249 174 100 086 191 192 182 031 075 205 053 165
0000508	Chicago Diner	214 253 249 174 249 150 149 111 156 112 243 074 204 051 163
0000509	Szechwan Restaurant	137 249 174 191 192 021 039 075 205 053 164
0000510	Pierogi Inn	214 035 249 198 186 075 204 051 163
0000511	Orbit	214 249 249 198 186 075 205 051 163
0000512	Southport City Saloon	214 249 249 184 191 192 063 247 008 074 204 052 164
0000513	Tucchetti	137 174 100 249 198 125 074 205 053 164
0000514	Fountain Blue	137 249 200 146 008 045 075 205 053 165
0000515	Cucina Roma	137 174 025 125 078 208 056 170
0000516	Blue Mesa	214 249 174 249 191 192 063 247 025 222 075 205 053 164
0000517	Original Pancake House	214 100 086 149 156 008 076 205 052 163
0000518	Fireplace Inn	026 004 132 249 200 063 247 017 075 205 052 164
0000519	Seven Treasures	214 249 004 132 149 039 075 204 051 162
0000520	Hashalom	214 035 143 144 075 204 051 163
0000521	Leo's Lunchroom	214 035 249 149 197 156 068 006 076 204 052 163
0000522	Chez Delphonse	214 249 025 034 090 075 205 052 164
0000523	Lindo Mexico	137 249 004 132 100 086 249 001 142 075 204 053 164
0000524	Palm	026 174 099 249 245 189 191 192 024 225 076 205 053 167
0000525	Delaney and Murphy	137 174 099 040 024 225 075 205 053 166
0000526	Gino's Steak House	137 174 198 024 225 078 208 056 170
0000527	Jerome's	214 249 102 249 063 036 156 068 006 075 205 053 165
0000528	Da Nicola Ristorante	214 249 125 074 205 052 165
0000529	Nuevo Leon	214 249 004 132 136 156 001 142 076 205 051 163
0000530	Abbis Abeba	214 072 075 205 051 163
0000531	Daniello's	137 174 249 198 057 071 125 074 204 052 164
0000532	Queen of the Sea	137 004 132 249 220 217 078 208 056 170
0000533	Rinconcito Sudamericano	214 249 136 001 180 075 205 052 164
0000534	Convito Italiano	137 249 174 059 231 036 025 125 075 205 053 165
0000535	Filippo's	214 249 196 125 075 205 053 165
0000536	Yvette North	137 174 249 191 192 057 071 092 078 208 056 170
0000537	Caribbean Delight	137 249 034 075 204 052 164
0000538	Kamehachi	026 128 076 205 053 165
0000539	Trattoria Pizzeria Roma	026 249 125 182 075 205 053 165
0000540	Machu Picchu	214 035 180 078 208 056 170
0000541	Gold Coast Dogs	026 249 100 086 059 231 229 008 075 204 051 162
0000542	Roxy Cafe	137 249 249 198 242 024 008 068 006 075 205 053 164
0000543	Weber Grill Restaurant	137 249 174 100 249 008 017 075 205 053 165
0000544	Cuisine:s	026 174 136 040 140 076 206 054 167
0000545	Como Inn	026 249 174 249 191 192 010 125 075 205 053 165
0000546	Bub City Crabshack & BBQ	214 249 174 100 249 191 192 197 057 071 212 017 074 205 053 164
0000547	Dragon Inn	137 174 039 075 205 052 164
0000548	Monastero's	214 249 191 192 125 075 205 053 165
0000549	Ambassador Caffe	214 035 048 078 208 056 170
0000550	Mathon's	137 249 212 075 205 052 165
0000551	La Locanda	026 174 249 200 245 024 125 076 205 053 167
0000552	It's Greek to Me	026 174 004 132 249 103 075 205 053 164
0000553	Old Carolina Crab House	026 249 174 191 192 001 212 075 205 053 165
0000554	Buckingham's	026 174 099 146 040 024 225 075 206 053 167
0000555	Gale Street Inn	214 174 249 198 008 045 017 075 205 052 164
0000556	Grappa	026 174 101 099 200 193 242 040 247 024 125 076 205 054 167
0000557	Poul Zakopane Harnas	214 045 186 078 208 056 170
0000558	Soul Queen	137 249 174 004 132 249 136 021 220 217 078 208 056 170
0000559	Cousin's	214 249 035 198 140 143 075 204 051 163
0000560	Taylor Brewing Company	137 194 215 213 174 184 008 074 204 053 163
0000561	Trader Vic's	026 174 099 191 192 040 024 021 187 078 208 056 170
0000562	Home Run Inn	137 249 100 086 149 229 182 075 204 052 163
0000563	Winnetka Grill	137 174 011 249 200 196 191 192 063 025 006 076 206 053 167
0000564	TRIO	137 174 011 080 099 150 200 245 196 191 192 242 146 114 111 247 090 125 014 077 207 055 169
0000565	Giovanni's	137 174 004 132 249 136 198 245 191 192 059 231 008 125 075 205 052 164
0000566	French Kitchen	137 249 196 091 075 205 053 165
0000567	Pasteur	137 253 245 021 246 075 204 051 164
0000568	Sweet Spice Cafe & Bar	026 249 249 068 006 075 205 053 164
0000569	Army & Lou's	137 249 149 036 021 156 220 217 075 205 052 163
0000570	Gaylord India	026 196 021 117 075 205 052 164
0000571	Windows of Cuisine	137 174 136 198 025 039 075 205 053 165
0000572	White Knights	137 174 057 071 202 078 208 056 170
0000573	Ranalli's	214 249 174 004 132 100 086 149 063 125 182 074 204 052 163
0000574	Taylor Street Bistro	214 174 196 092 075 205 053 166
0000575	La Risotteria Nord	214 174 249 242 125 076 205 053 166
0000576	Vivere	026 174 101 099 200 245 196 189 191 192 024 125 076 206 054 167
0000577	Whitehall Place	026 040 024 045 078 208 056 170
0000578	Vinny's	214 174 178 249 191 192 063 125 074 205 052 165
0000579	Three Happiness	214 249 174 035 149 039 060 075 204 051 164
0000580	Davis Street Fishmarket	137 249 212 075 205 052 164
0000581	Carson's Ribs	026 174 249 229 008 017 075 205 052 165
0000582	Lac Vien	214 249 246 075 204 051 163
0000583	Busy Bee	214 249 198 156 042 061 186 075 205 051 162
0000584	Pandl's in Bayside	137 249 174 150 191 192 006 075 205 053 165
0000585	Espial	214 004 132 184 200 196 191 192 025 068 092 125 078 208 056 170
0000586	Bice	026 249 174 099 249 189 191 192 063 114 024 125 075 205 054 167
0000587	Alex's Washington Gardens	137 035 249 196 125 075 205 052 165
0000588	P.S. Bangkok	214 253 035 198 021 235 076 205 052 164
0000589	Lone Star Steakhouse	137 174 100 086 249 225 075 205 053 164
0000590	Claim Company	026 249 174 100 086 149 229 068 107 074 205 052 163
0000591	Cafe Iberico	026 249 004 132 249 001 223 232 091 075 205 052 164
0000592	302 West	137 011 200 196 146 212 031 076 206 054 167
0000593	Szechwan House	026 249 024 021 039 075 205 052 164
0000594	Ishtar Inn	026 143 075 205 052 163
0000595	Rosebud on Rush	026 237 174 101 099 249 245 189 191 192 114 024 125 076 205 053 166
0000596	Kyoto Japanese Restaurant	214 128 076 205 052 165
0000597	Cafe 36	137 249 249 136 200 196 191 192 090 125 076 205 053 166
0000598	Edith's Bar-B-Q	214 035 249 136 149 017 076 205 051 163
0000599	Poor Phil's Oyster Bar	137 174 040 212 075 204 052 163
0000600	Tutto Italiano	026 174 136 125 078 208 056 170
0000601	Eccentric	026 174 101 249 184 191 192 006 075 205 053 166
0000602	Marc	026 174 101 099 249 245 242 024 006 076 205 053 167
0000603	Mare	026 174 101 099 249 245 189 191 192 063 242 114 024 125 212 076 205 054 167
0000604	Mia Torre	026 125 075 205 053 164
0000605	Johnny D's	137 174 125 182 075 205 052 164
0000606	Courtright's	137 174 099 249 200 196 191 192 024 008 078 208 056 170
0000607	Ostioneria Playa Azul	214 004 132 212 142 075 204 052 164
0000608	Schulien's	214 249 191 192 057 071 229 229 001 098 075 205 053 165
0000609	Dieterle's	137 249 011 249 136 098 076 205 052 164
0000610	BISTRO BANLIEUE	137 174 097 011 025 092 076 206 054 166
0000611	Cafe Absinthe	214 102 174 249 200 242 114 006 076 205 054 167
0000612	MIA FRANCESCA	214 102 174 249 149 191 192 063 114 125 076 205 053 165
0000613	Frida's	214 174 249 063 242 025 142 075 205 053 164
0000614	T'ang Dynasty	026 174 191 192 021 039 075 205 053 165
0000615	Trattoria No. 10	026 174 191 192 125 076 205 054 166
0000616	Corner Bakery	026 249 174 083 059 231 156 016 068 076 205 053 163
0000617	Ravinia Bistro Maison Barussea	174 200 196 092 075 205 053 165
0000618	Un DiAmo	214 174 249 242 125 075 205 053 166
0000619	Uncle Tannous	214 174 057 071 143 075 205 052 165
0000620	GORDON	026 190 174 101 249 200 245 196 193 189 191 192 146 114 057 071 024 006 076 206 054 168
0000621	Oo-La-La!	214 102 174 249 063 114 092 125 075 205 053 165
0000622	Genghis Khan	137 174 117 075 204 052 163
0000623	Siam Cafe	214 235 075 204 052 164
0000624	Abril	137 004 132 249 138 025 142 075 205 052 163
0000625	Distant Mirror Cafe	137 249 242 223 232 078 208 056 170
0000626	Rupert's for Steaks	137 174 099 191 192 024 225 076 205 053 167
0000627	YOSHI'S CAFE	214 174 097 080 099 200 245 196 193 146 090 128 014 077 206 054 168
0000628	Il Toscanaccio	026 242 125 078 208 056 170
0000629	Bar Louie	026 004 132 184 125 078 208 056 170
0000630	El Nuevo Mexicano	214 249 249 149 142 075 205 053 163
0000631	Arco de Cuchilleros	214 249 001 223 232 075 205 052 164
0000632	Northside Cafe	214 249 194 215 213 102 174 249 184 063 006 074 204 052 163
0000633	Udupi Palace	214 249 035 117 075 205 052 163
0000634	Osteria del Vecchio Ristorante	174 191 192 125 182 078 208 056 170
0000635	Maple Tree Inn	137 249 149 191 192 063 057 071 030 047 075 205 053 165
0000636	Coco Pazzo	026 174 101 099 249 200 189 114 024 025 125 076 206 054 167
0000637	D'Agostino's Cafe & Bar	214 174 100 086 249 198 125 182 078 208 056 170
0000638	Bangkok	214 021 235 076 205 053 164
0000639	Madison's	026 004 132 099 249 191 192 242 024 125 225 078 208 056 170
0000640	EVEREST	026 190 174 097 080 099 200 245 196 193 189 191 192 146 114 024 090 077 207 055 169
0000641	Babaluci	214 249 125 074 204 052 164
0000642	Leona's Daughters	214 249 174 100 086 198 191 192 125 182 075 205 052 164
0000643	BOB CHINN'S CRAB HOUSE	137 249 174 100 249 149 191 192 212 076 205 052 165
0000644	Marche	026 194 215 213 102 174 101 099 249 184 200 189 191 192 242 114 247 024 092 075 205 054 167
0000645	Akai Hana	137 011 150 136 198 149 196 024 128 076 205 053 164
0000646	Cafe Bernard	214 174 249 200 196 229 092 075 205 052 166
0000647	Szechwan East	026 249 174 198 191 192 024 021 039 060 078 208 056 170
0000648	Formosa	214 035 039 075 205 051 163
0000649	Vidalia on Park	137 249 200 196 191 192 242 024 006 075 205 053 167
0000650	Blackhawk Lodge	026 249 174 101 249 063 024 229 007 075 205 054 166
0000651	Rada's Inn	214 067 078 208 056 170
0000652	Ann Sather	214 249 174 148 097 100 249 198 149 010 059 231 036 156 008 075 205 052 163
0000653	Surf and Turf	026 174 101 099 249 191 192 242 247 057 071 024 212 225 075 205 053 167
0000654	Reza's	026 174 198 191 192 143 179 075 205 052 164
0000655	Rudi's Wine Bar & Cafe	214 249 200 092 076 205 053 165
0000656	Blue Agave	026 249 249 184 142 078 208 056 170
0000657	Cornelia's	026 249 008 075 205 053 165
0000658	Francesco's Hole in the Wall	137 174 249 125 078 208 056 170
0000659	Waterford	137 174 011 099 136 200 196 191 192 146 040 024 045 091 076 206 054 167
0000660	Farrago	026 249 025 006 076 205 053 165
0000661	D & J Bistro	137 174 011 249 200 193 191 192 063 059 231 092 076 206 053 166
0000662	Dee's	214 174 039 076 205 053 164
0000663	My Favorite Inn	137 249 198 149 125 076 206 052 165
0000664	Standard India	214 035 021 117 074 204 051 163
0000665	Philander's	137 174 191 192 040 212 075 205 054 166
0000666	Tulpe	214 035 249 198 135 075 204 051 162
0000667	Cafe Angelo	026 190 174 196 191 192 040 024 229 125 075 205 053 165
0000668	Pine Yard	137 035 149 039 075 204 052 164
0000669	Biggs	214 174 097 099 249 200 191 192 146 247 024 091 075 205 054 167
0000670	Ethiopian Village	214 025 072 075 204 052 163
0000671	Dixie Que	214 249 194 215 213 174 100 086 249 063 059 231 036 030 047 220 217 074 204 052 163
0000672	Star Top Cafe	214 068 076 205 053 166
0000673	Febo	214 174 198 191 192 125 075 205 052 164
0000674	Buster Crab Seafood	214 249 212 074 204 052 164
0000675	La Luce	026 174 196 024 125 078 208 056 170